901308323
974778999
977634041
999130524
900094550
977757513
935069369
909539737
903575600
936940202
903535212
909657634
977833698
994754171
977836987
998227712
973596677
973885500
930709747
994258227
946756554
997078094
990177955
977380052
977586359
990001005
937040219
994029513
998672326
909201100
902030700
914912005
990670824
995166024
997923193
994044562
998506244
983137338
935472732
996002378
939500701
939508585
997959347
901883268
977189717
977931454
908081995
977233933
977070552
977278970
930855055
977727249
974423453
994760114
990122233
995520297
972604099
935009090
909959392
909847480
915077727
998829332
909893431
916620894
973338424
981179050
905643746
998741999
935479795
946428218
998418095
994039770
944100730
903537878
993074018
977675462
994824242
919262615
977009446
901227433
946518812
983073437
998507293
903344521
997898923
998830528
977311807
998444284
909412111
919575013
999193115
933756764
909178585
998246146
943698118
946770052
998403413
946428789
995054348
944000577
977586667
903598778
998653180
977443540
997156353
977732662
993100563
972777299
909090272
936179437
903205230
945364668
974143019
972637999
998256506
998169475
909500569
975133321
933088844
909842408
901119054
932992226
909331121
909977606
901315102
994766007
935979061
999963934
909688089
909097066
946294462
946635899
998173037
909737717
997730103
997221456
902030700
914912005
990670824
995166024
983065956
909441663
911198227
981801996
946821172
903603054
946346716
909208334
902499520
994057717
935957247
998382197
977675645
906672731
916338168
944003198
993881800
933072500
998235635
998026234
998260802
903721624
939536553
901257737
946771151
937449080
944031355
981153545
932261111
946570310
913660216
975925525
977599094
977404886
977576257
907297626
909796433
995639130
998494824
909599813
973303900
977711944
998676741
903343535
935302646
975991494
997070709
936108020
995185124
909302132
997928485
945155703
903288906
935888693
998403423
975253737
903134947
994787979
977773528
935437344
946543070
935095515
915174533
911266883
994757405
973338717
946836089
990003161
903921804
909580113
946633946
907252356
977728070
949104272
914939909
997556557
977722119
993965102
977729109
977012155
998418258
946704417
999999975
979997097
998115212
993636453
998148789
994022205
998677141
977411929
902030700
914912005
990670824
995166024
911282781
995085051
998151870
919622927
915783355
995070709
933959221
914653073
935767799
998841727
998298974
913111758
901794818
903235650
994761535
998989779
997978808
943664214
946116350
936088201
995128153
949233930
935578558
933977008
998755874
935706151
998591129
974419949
909759485
915856777
998466771
911364555
998503595
996666013
977774039
945474789
931854426
901312612
934269033
911339965
977114214
994081413
909609580
907218008
995715656
993069414
977123271
977666763
911374774
974182624
998338863
994034433
912364390
909945200
909960221
903054713
998700795
903191113
933939369
990178722
977581355
949200076
990040895
977101701
935141681
937975500
990227550
974224554
998330717
909342441
998431393
996750477
975662121
909455571
987786767
909089336
994482130
998300111
943340884
909204244
997574579
994757477
901343699
974315951
997084296
942167223
909396400
998002757
909036131
903165553
909199941
977557666
977565050
933030356
906085148
998882785
996680638
933912832
994883308
974101055
977874241
935126706
993279093
901156636
998836673
944073438
993321120
977041996
901221206
903576828
973335341
909796603
994298685
946594747
977838242
993015578
998501321
973296765
936052656
935051434
932340404
998513453
946253163
935144105
977025688
909765586
902030700
914912005
990670824
995166024
909881878
933241516
932971595
977740147
935757351
994327075
937772404
903236797
977664160
998976692
998821121
909567421
999686005
999623342
983606676
998581087
997224112
998442133
977723993
994046796
983310757
909727733
975152062
977308767
944021192
933938090
977555192
975322040
977755925
977318031
990084580
998232823
933162828
902317547
990178686
946586065
999077878
977738999
903454467
941804575
998141220
909708429
935937578
909346949
935748408
933031902
937018851
977546899
935192383
946415958
997899450
909558258
956100001
993011330
943000808
916388780
998377255
909356373
975239898
946030306
935890055
977007403
909092242
977083743
997947879
977702290
915000033
909005507
909125191
933880874
939024177
933786666
990070646
944728001
990076999
998356556
917791919
946800039
935542110
949224433
946775414
946690008
998999277
909717535
904069677
977403647
903579896
998380560
990000869
979191128
935066123
909999390
945111229
998192141
935074700
974045454
909352883
903490809
909300094
993061613
936363760
998874175
945299961
932222811
998739767
998881140
994354858
990080630
977132002
983145575
901877674
981171005
932406724
917779295
998803020
998883458
909707809
999922229
994958595
915759161
902030700
914912005
990670824
995166024
909206624
998029092
935227771
998761047
949258007
998271001
974423868
933977768
909911307
946005091
909974014
994019007
903723055
913271067
977773063
902789162
917976202
977284883
930005404
949437753
909088998
998078783
907199767
983107677
935294965
998839696
931710414
993051921
911470592
946361901
933986666
998687862
909526668
909826398
909300094
901217821
999907077
996767250
990003654
983124947
990084091
946346517
909446665
903234445
909300094
935075495
909572182
973470798
977788120
977707217
916594489
994070489
998132247
977109509
998413761
931725657
974025352
934673774
981157088
977716469
915843634
974409279
935654056
909734909
935879990
933486000
946929124
909948048
901138480
977636763
999077858
936277872
943691812
990115809
974553699
935817976
935800660
993369926
977591161
998225449
998415350
997052820
911011875
903467308
994876517
909820227
933885455
974406740
977673016
998839699
990010191
936080123
974041551
909713472
909384328
935770161
911650515
977808490
909403410
937407878
909636236
901390702
909721708
935147831
919709893
935366771
909912727
946168616
909603736
900003222
942840941
977722988
988099787
946226101
903535212
999141141
997046207
999682681
946813313
974208528
977677285
996677372
935910434
973844636
974414205
998237893
902030700
914912005
990670824
995166024
977255002
943305565
934468782
972112111
998529233
998985313
946144056
998130725
997704888
973363699
983317807
909581354
977076733
912141131
916050405
974946968
949393831
937367777
942523456
905422555
916111666
999065277
908088909
998925191
905791811
981216515
976040535
998009449
949390646
901219200
997989889
943826772
994639216
909806445
946660886
935740047
934617179
971404495
937591009
977651606
945626569
973462222
998556690
935826999
998167876
942565432
998677689
935399980
933435935
993241845
943691392
946002333
903247677
998520752
988098085
977603663
949242734
983660696
919064040
941196117
977181223
995470138
977515450
945279790
942918077
919650417
944136089
919904345
994726641
994498052
936082775
994011019
998752627
935516999
911566110
933798859
935117412
933777478
909834757
946410687
944940990
909164964
909048483
915881573
998437242
973877857
977285775
995257175
977576056
902887877
999088944
973442244
998923133
998111165
977436650
901892855
998575807
915909792
998372532
973450202
977320747
993276465
902030700
914912005
990670824
995166024
998990938
935500126
981250441
909191282
974646560
971561565
944665151
936661196
999652402
994033293
995342197
901362827
939507950
977235023
977328030
946979770
901112062
907883753
977071181
977705574
974234929
981176686
997953205
939358855
946520500
998389328
998299685
998726668
943604123
998981923
956106100
998746404
990007476
993109544
977104509
946243724
998488386
915020155
909585857
919480454
935119289
946339837
993298093
994247993
943456555
909345505
998280694
933665151
977371320
994367282
998290907
999007044
946780773
943521404
974005434
999962382
983130292
998989088
935666141
944647770
977277976
942291997
937991994
998853526
994840449
994717547
946841804
997960807
998459300
909298433
981257818
931889305
901767504
998945562
977346070
977478280
998544393
904004825
902030700
914912005
990670824
995166024
977076966
919520321
974615242
977343425
994820750
977472707
909257900
995003035
972463107
937013684
909314479
974805891
977418470
994317547
905923072
904222722
915441432
943678557
906238185
998174647
946044800
935759474
973431898
909636706
935340536
974330311
946145666
933966677
946541577
934247373
983006351
977579513
902851960
998298989
904409770
933953221
903940784
903102757
901162920
909996614
905235401
997510659
903292231
994097979
994024200
998855242
949304261
998611617
982120218
997156315
974280844
977506886
915094061
946484868
996049924
937994994
993618528
901981010
943170707
935780535
901312432
903739098
931822220
941762579
977137217
909034617
913705705
998471727
977532112
977202058
977122162
909665416
998973963
993543325
917975252
994200670
977594492
911926777
977194641
942915700
998159725
977463010
909359237
999199624
946701414
901393003
935802123
999135433
935526275
946633545
998789287
909665747
946584230
909779146
935795787
915610590
909060008
998786964
974037273
974427512
998002455
998391832
909829707
909926948
901764134
972452232
909223546
935642925
946631212
903168672
974245995
977227377
977638370
977321704
902030700
914912005
990670824
995166024
933857606
974437781
983314849
901678101
903343381
909951294
998286685
998988778
937543709
909466596
903334345
996625758
937753500
977133635
946055125
944129697
909867558
915068344
974401033
935988800
901380780
933892809
998113344
903595565
985777547
946050925
906462646
977760661
990057430
975300427
909193392
909419499
903450787
998771625
945584455
907997777
916352828
995707071
998818883
981285545
998644454
996308989
909014948
942600700
913322116
936105051
935570741
939803090
990020312
935877454
990000417
975455433
998575682
903590179
993048798
943637997
905346141
998561826
977685566
974316777
935755747
944220233
909346885
998331422
996781363
937087658
945414004
977077055
917901995
998405756
909307110
977661600
977911917
903981818
983671067
998323233
977402399
993311450
907886691
943661705
935707717
903288757
998774938
932222047
917702007
994888262
998722676
998991929
977688421
974254347
998282494
909551552
945316405
935166677
998814498
977020403
998829808
935887331
977406633
935924868
996750722
998200013
902030700
914912005
990670824
995166024
909183040
977366464
974014035
994033034
946140110
977371067
977442234
914744740
990028437
946943838
977209407
944290221
919062550
981111729
998985454
997928798
935144552
942335500
909858971
946716200
909992423
914276183
909873443
939356075
998419424
946394443
903468416
946572457
946421022
974498008
998969499
909568959
998075680
901255313
993171997
935975379
909943488
975384902
909320063
974281005
932525354
998855815
943494700
973643112
903373355
906221338
919045388
977434304
935585066
937984898
998452026
909867379
975357654
909113101
909029662
993040401
949480339
955111135
998262212
945766115
902030700
914912005
990670824
995166024
944621626
995885704
903371444
998035070
977555255
943604851
909755867
979949434
912300974
944110998
998902627
935272300
941123444
909696875
997961936
977077663
997897837
906432773
998289827
946929820
971308388
977166191
990008115
931862227
998917710
909227343
946259111
998778247
999114636
909397720
998218822
977018448
999724610
948677128
974466500
919915615
974220622
979929222
906179878
912201008
914526558
998848422
930000520
997979404
909719695
909411110
900000669
998529952
977056054
998001021
903414841
974461307
975226747
983617571
909582146
946347270
943199933
977477379
998662602
998884591
909313979
996046444
909094170
998551041
997897083
977734222
977112039
977016982
998662066
973829557
998186636
934667077
901687590
998402878
998533300
998888678
936119080
974447471
994044407
973443720
998858765
947748580
933890129
909080875
902030700
914912005
990670824
995166024
973332338
946353108
907882010
998913349
974617291
998787373
974064902
995577365
937717373
994741585
934376669
996742243
977789964
935737573
993018260
974005037
977245353
905385200
974244645
998281996
973338982
901156575
939986267
974800060
949241857
909415057
975113431
997897856
974343739
909442572
975118389
998835358
909943535
997944280
977188388
997530141
904418880
998162635
998131399
974017617
994950885
974021777
931873311
998999741
946525195
935010937
998882916
998170535
946334455
977046957
901169869
977481614
998760604
909420029
998933971
944031593
974880702
998557447
946769471
998077717
998336868
934476935
935507678
909948811
990037447
909394242
997980197
977084066
998810818
935961007
993428788
933977704
909905891
974443544
998889137
977770798
977570421
946300242
913121937
909586633
993010812
998885921
998331001
977058010
909921212
911369606
933780888
998418497
998729669
997700400
998651408
994855803
974456646
909557899
998585304
998200292
909557067
946170746
939505313
998697069
946234360
936177077
977326963
946267131
946225666
998417110
917707350
977473930
998888380
979513898
935232500
932878274
909561995
903973999
909510887
908080886
994855802
942018027
909885551
974045422
930750612
975159612
995130103
993438929
983093222
909895225
919597788
946469798
935436666
974500199
983063004
977370517
977309891
913912799
909696060
941292002
944101661
998420394
994093937
909142707
936629606
935471987
906094099
931622772
974489398
974489293
946045054
998664953
977441202
990005060
935879979
946518115
993003398
933934687
998575330
983147476
983013160
907885088
946793939
946854247
935637890
998552026
998876768
998685118
977788003
909592342
998660114
979183444
914491442
901754206
977475237
995382872
944176566
977180786
997041040
983648100
909025030
977403647
998192641
998863515
994797787
998408313
977629606
974305058
997220863
909970820
909740105
909885404
998918872
977266607
935328842
946936060
914461707
998305289
943677933
994753727
973181983
977459332
998972911
974648004
906694949
977333703
998858586
946788021
909397559
909994906
998178898
916335540
912658688
903222782
944078297
990000515
990050548
902411010
998504434
909015973
909884322
998375752
901108113
974702323
946209413
977078748
977620850
993894710
988097080
998606902
909046242
945921805
973526111
998281810
999777539
977100688
971311216
977709658
998166018
901995522
983698448
997109904
974482126
903875557
915628387
934331201
903151517
914595379
936270287
974425759
906173134
974642520
973430093
946466996
905233838
998183633
995517333
977141844
974207262
990035600
998143440
998354684
907173690
909799929
974043331
974129105
998818787
990035300
946619649
977708868
998782849
909455587
912164039
998891722
974222433
977855050
935180002
907229338
936647687
973851811
996303871
998874888
941969300
935815445
974431519
909322767
994797553
998316167
944828858
998651402
946316642
946334006
993777747
914562131
977224244
999070301
977469828
974802838
903591120
935134744
903524552
977057462
977360748
974091509
974127676
994020208
935310077
903727557
941671728
977843927
977131296
909256454
937643482
931713531
939584068
903560300
974221919
977117141
975501117
999942582
916951693
998661030
977157774
907150516
998829292
974540394
949220898
973255500
909951997
935664352
904317774
977744288
977802707
904401294
946328999
903224446
983691121
912235717
993317789
908058998
997950450
998868896
909866084
946860292
999980810
990070747
990070047
999888687
973518935
998385828
973073234
998226012
998308698
977484818
919079119
909374466
974102167
999755859
937021737
943791802
946112921
977714010
937960808
941868233
946033934
975580909
977148826
935067297
946364987
909784844
945930991
994053115
974222231
994744196
909607005
946173232
936037755
903314942
994014075
946990809
998805856
995502700
977510990
903209332
933858527
946702398
998523554
994420111
933769355
946744789
998233883
974046282
974450497
906202422
998578781
981179633
946300360
998168086
998888068
998762634
903741001
977455885
942556666
946266652
935912981
990177878
974141314
977376368
946779917
946070329
993244421
999691196
995901158
977801812
946698639
977563368
998751910
903226888
990007072
998161718
998871711
995351532
973423919
905075105
977004401
909296326
974542001
977124474
998941907
977723879
915092651
993788414
913617382
935822392
977482233
994081414
998791616
977638997
998460076
998564308
911374696
997071313
998000649
998894902
998113001
974009393
972221238
946800886
998781211
998791616
974036663
998466682
983601622
901388383
971493003
901888440
909940787
944461616
975899200
903182969
902448272
977555654
977259524
977083685
972792828
998914868
915089954
990094411
994707455
998684432
983605052
997777008
997903999
993784096
909385888
909960653
930001612
930010113
995531990
977133090
902677722
974323331
997009929
997970995
946730455
972971441
951962212
935932293
977782218
946758611
930000995
998270246
975658988
995352536
913550696
919539290
909397883
930010531
994411063
995979496
932860602
998261993
994062000
909177514
977330837
936265942
974566065
974281119
936889590
998345436
998856658
993202947
907461358
934568834
937686444
977716557
946191100
912221225
999999956
905015040
994400043
935937404
946004645
974515577
909042121
998272666
973333991
946033812
998685415
997166994
903295779
995526595
999969963
995965749
909999430
998796986
974041613
946847480
903533234
998808440
935815964
998081080
993020393
977646114
934609211
909000609
998848262
933848696
946530304
998223332
998628622
943603935
979922005
944358373
976049392
990027710
990076134
974544988
998483010
909680406
998893906
993203707
935974363
903185445
903201396
946794363
935822982
904450041
947464154
944106878
901204673
998272966
994894398
945159775
974090632
909203466
972741497
998865927
998564657
935330041
993029912
932471544
909077749
998778985
935722345
998998196
977093585
973871122
977033585
998827105
941910801
916361270
974112028
998203968
933975361
998476311
974401535
977556719
935814300
974142721
915029892
901685587
901137736
934078835
944297354
914900074
944059240
911619598
935767675
974223190
914342575
997930118
919029893
935461999
912259005
973101641
946907467
901563168
946281595
997969915
915063656
949334903
946281595
977653110
914358633
935457041
977095256
939808272
990066172
977780490
901160908
972609997
993057011
907333693
994862801
977275970
993631049
997775888
949444450
972628188
903182961
998431199
996645646
998819696
909490221
901229337
999613504
993782671
943166516
977235659
935361778
911792132
933785055
994781595
998740624
946536644
933981190
944608855
935524445
919700302
909001077
996080077
998828949
993859504
977187881
903161395
901344242
903054554
935218941
912170040
977414642
998184746
901109690
977434818
999747141
998868758
977609992
948939691
949211880
944758892
998858268
932992213
977357477
935160013
935324939
905198898
909016375
912305303
977602656
909922600
903180991
990044700
998333863
998035351
977377175
912755723
998810641
978536813
903720110
911358614
977329010
939030983
935709472
902838290
946922939
917780242
946970323
998899506
974544436
945735634
974606318
946847417
909071725
936555022
994874014
915489897
902440449
915975536
939652520
998281418
977017065
909244342
972490117
909336468
977622675
998209202
937954447
915770075
901750749
998995991
983660882
909875807
946791553
974500602
998863359
977003059
974420602
943288485
974610626
911646182
946502555
908080406
946767759
990028242
903605230
974091088
946884884
914600151
935915858
946563836
999939837
983377889
997970570
998298976
999072770
912623561
977745485
998827239
903717535
909848548
935151517
990001474
941751077
936332434
946362594
946232392
995351538
977785667
903365585
994761855
946062328
977827339
901116020
983380165
944867191
909428772
903383533
946663939
997971048
919649799
903464676
997985767
916406501
941299694
944677271
943250223
973447772
946856263
913325049
973272720
909812821
997456867
942372141
990023667
913218566
977403477
997575859
997000102
905033329
998608197
973887975
907329099
919024948
905119585
919526970
997097917
949770255
945042432
946800541
912574172
974280895
913089512
945178038
977377885
974301099
998656068
977418899
977700861
994007656
909933331
994433944
977755101
939770703
916473862
913205076
997156146
979160828
906166146
915953570
906311609
912721272
941774517
972424545
904101313
946686968
945788880
977110012
990000416
945074036
994046860
937777175
942795759
914219525
935702025
997970395
994858076
977091413
909114059
919098675
974311405
934574353
996755577
949298035
911374022
993821727
974252574
974100996
983078007
942610888
935869335
909156051
912400917
974901030
916764499
998455384
999643913
972112675
998048481
977019994
998938321
903184117
943469797
909104207
990010098
935968696
913312882
909059778
902991625
906094841
902679699
933850809
934520800
941848616
946564512
955027368
901253730
973848610
909334279
998886732
935258404
946024636
977307273
906076079
946162109
993840884
911919970
997577735
902951724
998389238
935809383
933414005
909439919
903724376
998648814
946250110
933790773
901232244
977035660
909787927
974003685
998974006
909035779
943991410
998144684
998878785
937022409
974003684
993867479
977281214
915474333
946779796
941892825
974709989
974709989
998287282
944766115
907456796
977635558
974406717
903737779
933171592
911079494
977226445
977717721
994007917
977251100
909001611
999674276
977643898
977022209
977433723
935560400
983355702
998929652
981175768
935483053
998880825
946510281
998473435
903254305
977708320
909968118
901202096
974250106
935182284
998501571
902860296
996900490
933431875
973707647
998788110
977090411
944040132
998893501
909512787
972950359
946304637
946232356
901190098
998845455
977022577
946131003
941263832
941905234
911014176
901265525
933766050
974881133
998154663
909448397
998310414
998539868
909748494
913324240
975165533
909197565
946831282
909032657
911668313
944170808
981267157
977703409
935082112
990045221
998078789
998888183
977313124
911048837
999444555
943657555
999650196
977124600
977900079
994772997
998833436
944030904
974404116
935203454
977379040
977806528
909625256
975874254
919639293
943448882
901252189
972095511
946493719
933828382
976040104
935708281
901900086
971300313
998883528
946963664
909319400
977377330
911360863
909940023
977535891
945522414
901395839
977409800
903532786
946783696
949269981
974530397
974001146
945795212
905222040
946667849
990036303
931636731
999737379
994375698
977481688
977287255
909608886
942412313
915059798
911645092
911000650
944007947
977733990
977149008
998135890
942132219
977287050
903256475
937505838
944627400
977032721
971569609
909351661
909097125
901155717
907700095
946751015
946200109
911337696
996633227
909348822
946395953
998499232
997976403
906085800
943729398
931640590
977024046
944655656
998662321
991680857
998467820
998272761
990003032
998890849
996965899
935947991
936916212
911249512
903340059
977115882
930606038
998004243
919599923
973302580
935819991
946800197
909921444
909598773
914862768
993543644
998416331
998243131
946447739
990000443
946842301
909433010
935755053
998552528
933460982
903258126
946954477
997794171
946474708
998989810
941484141
908059840
994033883
943601363
977017220
935967878
974461444
971302533
983121995
977073035
998267770
998021516
931710757
998474754
995969833
946105220
998431575
998781995
998386560
973841209
977656729
946472706
946310244
977775296
909929624
994775913
998385060
937300342
935823181
998334330
977658738
998866027
975242448
998819353
998666649
977018695
935248469
903538258
935353131
931760892
907455428
944970716
914551823
909854848
946119277
998146698
901765707
997790662
972930772
998960307
903191998
915836901
999760097
901175909
937807042
906396677
974416678
974119622
998610786
998024585
914749929
977374730
903172307
934938909
998251391
998839820
998744270
935315343
912570303
998888926
934927131
998718838
977061730
909268077
990122100
977555321
977565457
999707235
998674396
935686594
942390619
993603016
942955989
998636401
935584835
973201711
994091987
902525066
911652535
942171171
943715542
933001179
998020608
990009076
941872592
994071097
998762368
909575718
911636064
998885581
977002434
977196161
999199070
997970776
998818887
949374737
994027043
990031019
983082616
939012737
973650708
998226030
998236773
974405313
999760727
909504596
997980223
909922038
982001205
903218771
977684340
975990189
998878795
903355353
935507969
907880192
901209101
935335111
997970136
983106737
901346638
917757570
998209590
903426002
944059616
946457558
909745450
998196065
977444984
977752100
949200502
972776316
977256403
998103444
972297717
909075919
935612240
977444573
933851600
946778558
974032060
946573257
901171396
975959977
977272177
944008483
935994773
902523343
903544949
913148899
915164132
998271096
998683080
946578844
936666906
946375398
909473757
993001020
942010593
998985466
998909556
975995092
907999901
944603434
977767247
974611814
993075255
902556810
945109986
937696363
994755057
909464894
998285010
907228802
946940000
909285838
901170080
975892517
990011991
998968899
915636336
942136312
946781255
974480428
995521997
994789110
901121121
994068343
907475830
998326052
998725755
946214401
934701595
983124366
934006722
937969799
974248924
946088027
983115517
946908181
946696500
943503333
903192788
997971152
946315561
935297685
993553579
998824740
977473818
935774595
941929828
999038608
974220706
974400409
909733233
909110611
946627097
911777241
998869594
943608706
946939660
939291796
936052998
974774070
908082844
915900283
946775534
993452848
995321332
935308488
949289728
931713002
932295939
935350365
995105050
914106224
903252324
945696968
946658711
994232224
905469485
937880989
946465652
998629723
903129797
998401238
916344119
998118670
977014907
998467316
977589966
912170505
990007571
993879916
998973637
977360320
977393948
909900573
909708601
943238780
946624746
994954858
909269791
949370097
998716015
909250833
933109842
946433743
915068181
934696707
998323334
946527993
972906848
903701221
935441190
909564700
977333099
977737515
998138218
997777709
909965944
998117098
974214314
914101200
974404430
946943499
914355575
973470303
993857288
901642749
977280103
994797930
914333323
946636994
993505774
942046396
994298134
977196393
939049990
973470808
935392558
974900073
998223736
997024702
998075373
975320224
902996472
946170216
933837666
919190376
903271707
990000018
977078004
942795082
944658180
912990701
909715530
993020377
903230990
905000612
998026059
993319349
901115546
909475535
914582228
909788487
977144116
903725003
977333435
990054097
998515144
946527791
997969881
974773002
999878575
943434318
909787825
909889474
995473009
977004430
935403161
998887541
998070153
998033404
998441741
974146535
949298869
903741547
914726457
972422243
994015231
904306579
998780318
939050092
903297421
974223395
936569165
939516262
997007401
999608032
973820706
994137096
912024378
934528481
975032191
915848312
935207287
939220670
917777790
914201107
997172283
977403464
972960002
937707062
997061201
935717962
939911055
944088181
903419242
998786263
946265182
997944330
998183118
935850852
974589559
998339199
906138011
972415502
909516061
975862810
997970230
911350089
912774995
998902706
997899829
972653595
935788777
998830803
993333316
977078022
973885533
974541994
998630115
909741912
998854946
903275659
946647900
977281712
902802025
972617101
946406444
946547754
998448090
946807808
996742760
998141118
999620559
974102125
905005750
998030609
946273722
998812619
944844884
998297278
907425345
994751079
974332204
977602111
909389666
977740024
973277919
916966647
990020290
993025354
916300530
903078037
937980830
977677160
997961701
974504549
998117788
937181555
998077157
937073739
996607608
909447496
998980038
909065886
977468070
911986798
999663214
915792552
935037575
906050426
943190016
998621707
936609808
983078515
998546070
946207078
998859897
909897930
994852909
998764678
903161133
974649959
993334433
974481131
998414919
983670199
909199195
943460043
901129729
943993838
977368556
999777928
997989891
919782193
998717705
901101059
903303393
998809082
912175925
994751509
909986609
977790957
914136989
990028012
933924806
903186509
977327226
945182227
935683311
975468008
933979004
944425779
999552258
997958187
909409696
935294245
909816773
903323123
943687888
977012129
974437771
935852412
901358616
943452323
946239516
998251077
974077288
909245745
946760095
933961615
997970114
997719838
974772195
998534117
977557720
974557107
972242901
944099729
913329575
998519052
909099763
946899593
935464552
972177371
943720094
943556505
949419594
998167677
946321503
903289878
993183256
971310722
909973566
946993366
932032888
909567581
935369727
998729711
946976737
975450473
935837666
977352116
939193608
977008189
990466876
946292931
998931010
903199799
901763043
998256706
945797309
909968448
909098786
935575462
946914704
946901096
977564919
915058877
999666255
971494954
909250918
998188433
974001888
941079555
946363419
949484089
996068189
946869275
993852924
972660062
903746369
973470395
942301200
974588393
933924429
979160239
946113033
998245004
946688696
998179435
903339699
998860104
998638633
977776723
935163035
903253445
998608983
998543616
998659998
917800095
905319133
903583535
998996075
935389037
998388371
998375612
977476171
935767192
933780305
977772743
974224341
995526396
946539042
997980159
977494978
935379999
903355469
998149881
998387551
994850575
909483815
977374285
935078967
912737274
995166085
990062801
901159993
946211197
946206270
946524445
998501920
944127071
914627699
998148112
979939898
974474414
902465742
998639932
994751892
937581113
995373552
998159040
979280012
946116773
909074250
946891555
901500405
942169494
977686373
946375775
946376999
994725717
901871116
975399909
909685931
983634748
901309996
998228380
935930990
935995300
998204995
983100297
973083868
903194666
943195588
943558596
999685361
998209040
903472338
909597964
974433161
998198004
935825852
998544408
977233783
906033650
946266273
997944910
999100717
944251812
977051571
977604234
998483501
972245751
998006715
972875250
907291995
998399669
972002919
995885703
933104060
977201825
975427273
909773616
977377307
903294252
903455545
995778775
935588797
903705622
933968508
998048390
909997049
946950700
919636823
909072298
915949151
933753402
974415741
998820609
974220103
909600110
946351921
998517686
949373686
998733747
983123003
995382529
995359592
990007729
998298088
909002400
998116795
909188828
909176199
935871102
944007060
971300882
946284944
977006089
998147206
935275046
977606203
998115601
909171760
994755001
909636623
909759557
914522030
916360925
977254221
998927696
935912025
994081313
998990616
977244334
990004290
909804090
933797550
974615857
998635708
901897264
909756306
903211474
974124440
942920706
935777571
909026191
949388232
935286229
933972016
934444140
998898558
998802600
998824472
946441496
996081901
901364844
937255532
997301112
909961926
997570705
909711208
946889889
905005859
946669490
946271299
998485959
997754313
998165906
998789833
916222787
977532224
998880866
996060093
933312526
997599629
932333529
998895343
916700419
912188177
977787558
903484202
946490339
909724944
909536192
974432112
983067175
933003055
997226950
998157584
998573137
909251201
942199394
951776066
998390191
977166344
993216205
996694656
901764754
917767373
909001447
995144667
935522218
901764754
998388810
993059981
973333027
901888082
983648897
993909444
974634340
998007775
990004186
946382414
998207587
903552444
998447071
998253598
998659097
977488552
977425464
977425464
998266262
995131644
930003646
909938624
909011779
994840521
993669705
975378776
990176422
909322626
935108811
994775109
909788687
913499918
999942093
998464743
975884039
935911055
944169920
998463674
990113048
998682363
994882559
975518181
993566212
995587721
994884118
936155611
973307553
972665010
994042008
935670480
993010117
990002990
946374624
911400045
944149229
990000323
935837574
979667212
998427111
998967676
919525746
983135808
981284002
906672193
977136961
998076700
990045371
935625190
901112421
990120300
971495090
998858008
998333372
993020236
974411471
998955985
911363848
998997171
903297929
945990990
994855806
977034424
914609599
997532250
903307246
935065835
997228084
998357263
998709523
999942998
974902255
998628242
994752525
935932380
977716749
998020439
973880732
974300377
974456088
998218909
977213630
975455737
935698800
994756979
935998629
946911074
909910490
995535575
993431012
973111514
994700037
935550288
946357353
911362769
946995900
912071877
998885839
998203741
935289997
974500858
904270101
903480648
998937347
974146030
935198989
944870708
935953121
998498771
998560414
944089401
998159915
909630309
917707161
976162521
944051299
975460504
977399760
903283343
933757783
915867155
903249922
994772999
979931827
944879969
995541514
944197282
919577565
903239353
911929997
974358680
945831203
974435141
942463237
998222285
906176077
975511775
905015660
909087110
997119092
945631114
998185712
983611808
943861999
946439889
944199923
933842666
977993232
977700016
909668685
994859505
909781219
932921921
904444652
903315226
935309457
919044404
977512818
994845584
939615998
998048804
912422111
901223525
949333563
908054186
935377053
931884949
909975301
935717159
996666851
943270098
909493275
994797992
977337065
939443561
995430123
998513085
935434414
946181715
936671262
971312770
909529899
998292719
973470937
994759975
944400004
993564543
982711637
909871080
909554544
977296040
977296040
998223171
974298907
903257836
977475508
933443667
995120467
913396209
998571949
974636121
977051002
919148232
997222943
997223603
903160209
902882233
975281797
998666077
949202698
999937507
997722167
909872082
935323126
935927465
944868328
935333315
912425018
990113388
903453535
994855810
935779949
998603414
998036878
995164343
901110553
936006083
946147016
946262958
935168281
971316848
998922302
902465135
977416686
977712537
935549080
909806806
949345098
994811904
977130906
977479841
983625787
935829930
935926267
904407220
977485515
997987572
998824473
983029707
909421147
977199877
998639191
945771242
903367879
915196689
935314774
998777501
935766692
998413381
974619209
983624026
998033225
903261413
935738765
977650950
977639763
909468007
931713860
971560099
901282262
939470001
994605646
935799539
998028418
999930408
998978455
909091890
914552525
917779186
974211277
999922379
935276774
909307370
977014001
903509568
999903559
998508040
998888346
974220956
998744476
998224533
951971102
935215368
998004181
914003111
909741343
903315150
999913098
971300474
995567969
935970566
971311101
998971716
946522124
934746886
946996060
990023141
936862772
997568779
977701653
912150547
998191122
994874798
971309691
983046242
998432323
998073657
998403254
998151694
974012848
943491005
912006130
998708580
998133379
995515566
998000879
998039291
903585049
998283065
974095040
935759125
909616887
946262747
990087706
975905858
997557074
915600069
944807376
977150150
994620617
998311929
946291326
915375927
998985787
949229797
998003246
944272276
945102772
998732594
998020110
935541009
943710100
990204708
977448840
998703131
998381993
998888464
901367304
990076464
998392501
998949526
946334823
998077762
935452242
998481857
977657800
935154460
933770966
909654648
935664376
985617310
998519559
935248015
997976412
977494397
906474590
912503207
936063576
994411770
914074247
977072545
998341717
998354740
981111751
977399878
903336360
949222200
974404112
911661635
994771059
941180832
906149446
933907787
939390317
911035789
977528470
914615458
935976760
974640046
977251595
990110220
934320898
946496077
998607720
935749965
949095652
998839714
998338482
998310787
909725225
935766316
914146844
935464689
977250703
933850104
901270353
998778775
946406310
994856505
977013271
939301895
943122112
935875251
998661022
909216303
975452624
909802823
909041822
977783527
990000972
997956236
998651575
997559694
909311632
998884745
903179932
915648559
997701195
998666364
998377384
977180264
939280606
998255498
901260401
941922838
990222297
916971151
998021939
993043047
981155054
909566256
977720971
935387040
974124114
935242727
901861536
917976100
974121441
974308005
935422238
909541275
998695937
935995335
998816910
998374913
993474807
998356072
944255996
946445611
974241294
977303238
974477996
946356551
998401308
943552879
911148980
903708395
998898119
994366977
977016970
997971097
998991708
994758140
914515072
909045634
934444248
903711808
945293966
931717505
901789987
998845130
933767424
941965796
944392943
934283929
914397177
933787774
983042717
990000871
974495161
906197225
998743301
938229696
909996958
998700776
946506046
998585897
974225122
998583837
999982059
994830599
973212777
936151771
946708335
908085364
994091539
974140968
901119006
998421465
997925638
901878776
994746456
946770365
993784498
996063641
977067959
935020250
977134442
936065417
902411991
993768944
998844870
946591336
994843431
995016061
998456804
973453502
974257008
909177888
998839300
973826966
993421717
935166196
931877771
935082570
998415157
946737077
993044447
971562441
905351125
998350434
909437293
935914690
977598822
971303323
977087578
983022087
974099096
983663238
977771072
943487030
990018868
934020600
998801884
935370257
909000786
998767693
907212203
998500122
942804501
906659575
916347726
946773627
996688342
977082949
977210697
903167263
975169625
911654145
911926834
901194948
977483770
998539602
902668484
998990209
977840194
909445594
917707979
935153574
994448844
946109900
944864670
994899322
998185220
903276127
909250253
977110322
911524041
935706117
935204756
998313197
909588750
901807637
974777572
977758666
998309131
998180660
933103298
909925834
999068284
935959896
977815254
911346545
977554743
996610511
903201185
997444415
983057454
935821747
935771767
977780578
999940940
942866401
933767650
913167210
977097488
974322155
933939616
933022015
936271906
998693699
998721619
998293899
901319229
983143212
944064598
977600627
990008834
994072547
946091655
935915606
931219971
990005651
912584262
903572232
911336458
942658545
909042602
974491099
977531342
903364457
903551743
999668940
903008855
909027651
974103632
933950307
935953335
998569436
977707675
934196119
934717621
974808213
995524318
909969345
943779099
909477619
977645768
935723442
990005494
998226644
946254540
935243524
909222401
946016330
998539806
912196596
914707057
976040737
933926113
911376029
974438836
909485617
998952330
974439929
976097336
977787897
903116236
914605952
903343635
909998644
998290592
906156565
977077104
943511929
998764969
909816151
901626263
977242747
998227218
909807801
905375955
974414767
909108629
934725181
909835683
946664040
998994357
911282898
998840106
998441757
915695657
998200155
998803383
977018089
914101213
913123918
977147272
977071810
999797111
998668360
977789304
935021738
936157578
952602006
941882001
907391283
994750709
977281208
998164953
998331598
974000264
903561747
942948747
935417127
946591238
903534284
911346162
977297774
998929150
977472381
945862939
909505500
903568387
977683108
974340535
990017036
998866601
994874128
934552717
909647410
946184057
903321223
998898656
933137598
946307744
946446748
932362229
977020043
998007197
973875555
909196994
909581120
977305970
945533031
977111136
977226761
903331167
977880701
972616469
915271596
944402410
998818688
944233084
977078136
998246155
998849298
946001095
909144619
909290199
931710155
946491059
916834121
935261739
973852512
998277614
977259383
916543801
909962479
946179238
946176472
973333806
974005225
911633663
990005920
998728499
998859708
946737997
909888010
994550919
933758833
909949914
975029699
945527090
936086577
972162323
998289923
974048254
949282730
976041885
997934743
997970676
983060434
999073937
994767448
951701102
919016952
946263931
977706040
944249095
977810197
998824970
942553336
944136197
944255218
977265696
909719851
983606161
909734985
946874144
974404415
909080428
993999711
997556026
977071636
998990050
946464446
998560120
935472483
935525206
903535363
901149876
975789900
997556043
909774677
901205335
935511031
903585583
944989899
994041315
977828281
946808965
909010919
914317430
998887539
998399122
949330077
946139293
998302166
998549950
936157879
935589873
901376262
998308703
915179700
990006999
901634122
942219922
977303617
909999161
901186227
997546161
977788182
993012104
973470135
998344333
915001159
935882808
909868046
909144234
935262418
915890814
935261691
905881113
945365963
946738028
998764788
998594755
998494042
907339298
916972827
977440491
977315352
936686503
977715951
941214424
935110821
942224288
915775517
943228676
974496226
990110271
972812980
997914395
914530650
909893350
998252715
994541717
913194948
977670037
996666175
974904838
993471217
998164434
934619908
909121369
936950707
974616542
946770090
994414434
977442478
994960453
909068838
903524077
994524137
942893821
946733088
990084542
943292014
933149414
946101337
975974242
998236869
907224399
909150495
903304849
998007404
935834140
974441304
909059987
903254546
977717411
909021191
946388667
998342324
977493035
946713150
977714202
995565666
977318039
998919079
909241260
990059996
998883869
935405399
998789697
998374908
946816666
977679691
977679790
946537575
994240004
909477660
993420630
909557415
936669293
993601515
977201594
993761515
998761715
935369791
998491505
936181312
977464008
941224466
998448908
990020533
990006376
933245454
946241404
944021921
904260980
998657051
949355312
906489945
933932743
995050007
909536528
901111831
903703171
909310998
973147575
935537788
909884139
936089443
901385885
998113973
990061779
933942201
946057545
915674224
998808696
949234369
998538092
935408943
935603535
946961130
946301831
901108365
993020392
990012651
946186322
998700837
997504147
977612515
909973803
930002129
909169201
973904676
935484545
998718041
983666862
942535519
946883319
909660088
946249984
946423025
935103692
977769110
994707127
981250494
997137347
946308383
998401646
999622252
935795652
909102001
946779484
974225995
949055533
994840097
901263038
990172244
909879767
935666765
974048788
999905575
998854298
974114446
998995989
977337998
935294551
946089358
903529685
997890096
977768460
990029399
974008816
993005017
972991838
903487959
903930660
974459699
974809503
992161676
977450174
909327807
977762599
983127002
975122080
977240595
941111565
946520898
903205262
998030088
977330614
919960959
946510399
909414236
904107886
998950717
901107579
977581080
909142103
935447401
997270007
998992761
996601098
935330423
977513405
909516362
945781114
998631612
977498935
909307303
955129609
905575528
946852303
949259697
915099001
998299229
994387709
903229127
935705451
911121353
906087808
934058700
939290621
946210669
994050676
946263696
914281243
993049638
983381494
903327828
907256929
995554877
943668498
946115850
903252660
998389048
916400209
935180009
909176307
902889031
990020484
977486060
905004997
977747988
944531293
935096236
995092201
906471234
909810155
903556016
946947989
994757975
999691385
909810155
946164152
977835272
901343175
977764848
941167576
974470306
903554337
998886610
946168770
901184262
901745746
935823436
995418767
946902019
935604320
943644113
901349426
946345353
990079779
935064181
937252423
946814232
998311698
935645004
999975351
933135125
941068808
997941515
998029350
932983554
999690721
994092939
935150074
946604330
931807001
909314675
939444397
903243139
901313219
994708890
994418899
908154250
933926857
990179861
916936303
998860818
994766250
935683803
974548700
909312819
974249495
977890409
998033535
901389477
903503796
995622196
903196559
919676526
949306050
939439919
935101558
974281143
998445028
909459899
909963376
983678040
945166673
939347334
974505857
998077794
946487877
975925353
933763115
981277101
977450313
903511679
998397269
903365065
946362088
998918999
909092015
909359889
973999567
946240004
912137111
941144070
932393017
909068988
905099055
943104099
909240110
998446833
946856562
977057570
935070370
915016055
946523321
997229529
919951814
997892859
935889107
943280200
916191997
933991299
909300615
909711714
909010840
903246363
903356000
909244459
998482860
977745536
998044436
946024889
903227745
904334997
974322095
909981054
998344405
909494487
919623811
906045510
933371532
994410171
988120212
977924833
935958090
997126499
998132969
903316737
974420004
946420070
909810973
909945688
946093526
933333977
933553490
977102332
994324948
911409608
934188438
905065465
999751878
909388744
909435442
999130625
935794780
998579419
943647664
944266703
919593002
998319656
914649014
998498822
919469600
906380095
974149191
932937872
914651194
903480185
901370450
998523323
909681465
909891975
998555767
944007763
944005506
903250382
945742496
935727574
901333415
909243274
903132816
977766673
997776771
999986901
977344466
974493696
913373347
993979677
946446360
973109434
936057003
999739314
946119556
903554855
943380006
998882159
998632247
999072906
998862146
997922292
942413497
915023602
998563397
902423272
903323291
933969080
915001686
909049966
974470324
974465599
998613279
942662826
973451333
977010670
942151558
990005870
972752209
903523312
944137040
990051234
909099088
906092656
998482158
946868515
917711711
977450969
917818040
943663938
979133373
996793062
919461299
977343685
994027111
977164020
998251306
935577660
983010311
998830335
909899653
901756696
901160127
990070067
994025566
939996451
909030895
977410016
935365251
909251518
909006235
903209149
903500044
914325163
998370737
914944001
974620211
998899646
935730301
977150242
909510921
977343530
973472117
903338090
919591075
935983608
998519292
946288187
903912228
999906696
972243439
977113134
912173473
977107669
998616434
943556261
935831693
944254555
999529897
998558019
909844878
916440214
993058217
912997070
907959523
998574946
998389296
977004959
994087466
998456558
998881699
977256585
937045533
983002260
974707071
909665862
901381223
909707393
998600465
939926126
935154946
939584555
977433131
909959930
909477287
977391848
946229750
903189223
944143124
998828086
909868707
974073175
997975544
901131313
998846272
935343838
977020295
988129392
977049918
905391943
945907005
903301232
977474470
933761600
977225570
981401017
998041126
994055504
998658771
994045785
942312171
946098684
998565898
997953696
974775850
990014042
998849848
946064454
915138797
977712630
997971037
974481177
935045049
994040223
977409663
977788758
909933059
974441003
909979077
919487646
990001898
909003842
977204003
994081414
971569292
977051350
909582033
998401231
951943190
979926969
946746460
907219123
997906898
935000937
998654041
934646055
909872800
993212256
944241555
983041993
997505662
993327632
977266663
915000780
983001224
912279871
994767111
911641060
998381838
933847868
935980014
943620495
943625892
995335250
974035383
909416117
934155522
939081630
935886066
998565606
915586107
977057506
935396008
998146367
935280426
949267176
971553391
974208616
935797100
909123547
977693207
971313391
937084833
998996989
946403938
917939300
974505900
909945787
974401417
919640011
909220778
913494861
998604122
911666452
909964950
933771337
909566560
901853213
998186070
998491923
998666542
909181835
977464488
998723043
977587464
909062900
913110808
949141515
994577614
977078981
939683767
977157709
939541234
999567614
909441126
988121110
977071570
909315939
990224874
998155050
998111019
901748242
998262868
994021612
942128182
933864863
901687648
977250800
935859429
976163474
946747009
917796619
944024296
934340109
974113363
913224773
972452512
935524734
977020920
915688988
977106473
998693929
933967822
946796622
915061597
909606300
977312829
905355981
985612047
909109194
933858455
916279996
909191923
997173252
998335452
935357433
902298303
939095994
946162332
946260483
933865086
944247838
993001664
933952160
949414307
972779301
990008466
975388844
977411011
909666963
911666888
994622488
903534600
935495358
977760705
998596996
909603585
999882225
901302878
994733064
994017208
946161510
977144151
998727468
974014182
913931122
945826747
916400706
994578990
935518900
946138622
977375772
977016465
977381985
946646666
935331009
977555766
914639218
935912198
935972362
977352006
909500359
946234605
996790262
946412222
993020282
911887200
933788985
999604533
909949003
909990185
994599829
975442727
901112382
995399918
909337215
977093817
998025026
932916160
935674967
977202717
977156272
935771656
914292613
911660409
995325532
942877070
943460002
994831616
933918998
998875565
935783577
909978906
911639343
912278988
998568046
983378565
977151156
903720419
977808095
909891121
909419121
946240909
994079025
902471951
994751022
995330338
911915353
998958805
943883444
998686866
946242700
990006769
935609004
946144400
998788087
935556569
999698636
942381440
904270457
941236996
995004518
975222828
949429289
983062623
945666687
997101598
901076332
996630399
902487806
994209895
942969165
997712528
939564246
913222207
904410144
997596190
973842443
993011869
998783287
903928992
944709968
932213393
936630107
933133803
973850199
993067464
977377761
995751716
998002792
945864645
919761002
949478191
902551399
998845419
919021771
998076896
993027441
946432515
994752136
998350757
994603034
919911070
905039832
903558959
994872035
998816161
937227680
903412056
993344729
990097997
977727868
998906611
993020219
993049626
977319288
977082870
977737737
983070117
946372341
997974979
997973979
932998903
935689811
945759898
909941616
971556599
998688540
998076301
998595798
977700668
909416829
943255553
935953232
990112223
977352325
946661288
949179700
932355333
915067552
946300774
993020272
993468007
975965576
998982837
909449660
945842273
903580443
903738173
999062613
997177100
909177316
909964498
977244434
909254893
998353060
933969781
977829888
946714181
993051173
935270017
935999968
998528661
902883050
909092054
990003063
933934929
944102490
974228992
903487949
936664123
903283633
933858726
933785150
946627700
977003243
945844794
998228202
901354414
973446144
943606063
983373898
998299963
990009353
943467970
977187448
977323303
903304530
997587344
977322003
946360957
946713236
909374242
974209998
913642920
909594707
944000207
909931709
977595202
998901120
935579414
998564785
935973233
977968701
949396939
977848954
998947171
909992049
932482233
998765315
997007287
972454891
909628887
949273848
998629195
933841136
977272172
974600801
977954580
944038328
998727265
997720072
974402070
998034560
931888889
909113101
906199696
973860011
974091525
994419509
915150909
907316280
901188881
998807151
977236727
977223732
912463300
914001668
903460326
901308082
993020393
998188440
993007333
977041118
998619195
974615225
949472592
998111991
935366222
916574105
903300903
994844112
977587828
975529191
917708281
998720775
917782233
994733905
999578999
909273327
998750871
977038353
909759631
901247574
903315636
977527343
919787770
990095557
903970272
994024455
946662264
998190709
974429454
975669757
943674441
935410667
977345760
990009220
999922141
909863585 
935650409
909634787
977443745
909226626
909270669
935458530
903970831
909593833
977336223
909998499
972775656
902030700
990893954
995166024
911172070
919995801
935174942
909505026
990019098
998437125
909065090
977089378
994524552
977255793
994434454
994772550
998331528
946210124
903465070
933491159
977571353
974707072
909482820
935726336
993515677
977866727
994043032
943669090
935273379
977262993
901696997
998294847
977816464
997744565
946008424
977605333
977412499
946209799
946856207
914468800
977535858
933220000
909927535
974000304
946995953
901516008
998811887
919670001
909189496
977789298
977778667
998382564
909380380
946959192
996935880
994085053
998195014
998178599
983120809
977826776
913181441
973201118
998423651
935174145
995984259
998606767
974643231
993235581
917793303
998315536
933868878
994584241
909523936
994774581
994010042
912194457
942130199
983671377
944263937
998001017
936666496
911309433
909020532
946362332
935317070
973433339
998133383
936610054
912706303
930000529
998666844
977220197
998836050
946130713
949200251
998949846
903511919
909924990
974090709
977332493
901118770
994729819
901216111
997976495
936182508
975384084
998576664
977612041
998885959
903154710
998024294
903287808
974646816
937522725
902556955
981113626
930000379
909882994
977551550
998516757
993043302
914240077
935838118
935183619
998960338
935175870
977558414
912199773
903720505
943695664
946757017
909782876
901131404
998571857
901743337
998854564
975269919
909946007
996019721
977194515
994091000
946135551
977396655
946707073
998377530
983060535
934234567
974542572
977320110
935865858
974416363
946787070
998456614
935740500
997077176
998240842
909731170
973438334
977081116
998159395
998132247
974410134
911367709
977319702
915744042
914680203
981171377
912347612
903717226
934382989
935619904
946943002
914680203
911356135
977127264
907309733
941076787
946191559
995071497
998212655
977775023
977090937
998183546
974772322
993509899
935201311
919553531
973304121
909017661
944070860
997767476
903229396
974946968
972083030
943503317
999992744
994955057
935328081
901764710
919488494
909014811
906390214
916352828
999728707
903596456
977041223
